# FAST-LIVO2 calibration format
cam_model: Pinhole
cam_width: 1440
cam_height: 1080
scale: 1.0
cam_fx: 1794.97
cam_fy: 1793.23
cam_cx: 706.1
cam_cy: 553.756
cam_d0: -0.0628587
cam_d1: 0.0902734
cam_d2: -0.000450262
cam_d3: 0.00100354

Rcl: [  0.006071,  -0.999079,   0.042474,
        0.013104,  -0.042391,  -0.999015,
        0.999896,   0.006622,   0.012835]
Pcl: [  0.022384,  -0.085765,   0.002566]
